
    variable |         N      mean       p50        sd       min       max
-------------+------------------------------------------------------------
       big10 |   2.0e+04     .4884         0     .4999         0         1
     opinion |   2.0e+04     .0327         0      .178         0         1
    downturn |   2.0e+04     .7076         1     .4549         0         1
       lnfee |   2.0e+04     13.49     13.38     .7297     12.21     16.26
          DA |   2.0e+04     .0605     .0413     .0625   7.3e-04     .3401
        grev |   2.0e+04     .2098      .121     .5216    -.5681     3.689
         lev |   2.0e+04     .4615     .4677     .2055     .0535     .8986
         roa |   2.0e+04     .0405      .036     .0556    -.1679     .2111
     peratio |   2.0e+04     78.54     35.53     162.5    -179.7      1105
    lnassets |   2.0e+04     21.89     21.73     1.231     19.49     25.68
        ndts |   2.0e+04     .0255     .0227     .0164   6.0e-04      .079
     complex |   2.0e+04     .2711     .2477     .1732     .0062      .762
     saction |   2.0e+04     2.312         1     1.891         0         6
        loss |   2.0e+04     .9089         1     .2878         0         1
         soe |   2.0e+04      .506         1        .5         0         1
--------------------------------------------------------------------------
